[http]
active=true
address=localhost
port=16080
enabled=true
css=html { font-family: sans-serif; background-color: #85b0d0; }

[devices]
count=2

[device0]
type=xsens_mti_g_710_usb
name=MTi-G-710
connection_string=2639:0017,0
enable_logging=false
use_as_time_source=false
enabled=false

[device1]
type=ublox_neo_m8u_serial
name=NEO-M8U
enabled=false
connection_string=auto
enable_logging=false
use_as_time_source=false
options={"dyn_model": "sea", "gnss_type": "glonass"}

[logging]
level=info
device_log_dir=

[modbus]
enabled=true
port=16502
signed=false
ut_min=0
ut_max=4294967296
la_min=-3.1415926535897931
la_max=3.1415926535897931
lo_min=-3.1415926535897931
lo_max=3.1415926535897931
hdg_min=0
hdg_max=6.2831853071795862
crs_min=0
crs_max=6.2831853071795862
ax_min=-32.768
ax_max=32.768
ay_min=-32.768
ay_max=32.768
az_min=-32.768
az_max=32.768
vx_min=-32.768
vx_max=32.768
vy_min=-32.768
vy_max=32.768
vz_min=-32.768
vz_max=32.768
ro_min=-3.1415926535897931
ro_max=3.1415926535897931
pi_min=-3.1415926535897931
pi_max=3.1415926535897931
ya_min=-3.1415926535897931
ya_max=3.1415926535897931
rr_min=-3.1415926535897931
rr_max=3.1415926535897931
pr_min=-3.1415926535897931
pr_max=3.1415926535897931
yr_min=-3.1415926535897931
yr_max=3.1415926535897931
h1_min=-327.68
h1_max=327.68
h2_min=-327.68
h2_max=327.68
mx_min=-0.00032768
mx_max=0.00032768
my_min=-0.00032768
my_max=0.00032768
mz_min=-0.00032768
mz_max=0.00032768
du_min=0
du_max=6553.6
hg84_min=-327.68
hg84_max=327.68
hmsl_min=-327.68
hmsl_max=327.68
hacc_min=0
hacc_max=655.36
vacc_min=0
vacc_max=655.36
sacc_min=0
sacc_max=655.36
cacc_min=0
cacc_max=655.36
racc_min=0
racc_max=655.36
pacc_min=0
pacc_max=655.36
yacc_min=0
yacc_max=655.36
hdac_min=0
hdac_max=655.36
rax_min=-32.768
rax_max=32.768
ray_min=-32.768
ray_max=32.768
raz_min=-32.768
raz_max=32.768
rrr_min=-3.1415926535897931
rrr_max=3.1415926535897931
rpr_min=-3.1415926535897931
rpr_max=3.1415926535897931
ryr_min=-3.1415926535897931
ryr_max=3.1415926535897931
rmx_min=-0.00032768
rmx_max=0.00032768
rmy_min=-0.00032768
rmy_max=0.00032768
rmz_min=-0.00032768
rmz_max=0.00032768
gtmp_min=0
gtmp_max=655.36
stmp_min=0
stmp_max=655.36
wtmp_min=0
wtmp_max=655.36
atmp_min=0
atmp_max=655.36
etmp_min=0
etmp_max=6553.6
otmp_min=0
otmp_max=655.36
q1_min=-1
q1_max=1
q2_min=-1
q2_max=1
q3_min=-1
q3_max=1
q4_min=-1
q4_max=1
fax_min=-32.768
fax_max=32.768
fay_min=-32.768
fay_max=32.768
faz_min=-32.768
faz_max=32.768

[processors]
count=6

[processor0]
type=acceleration_history
name=Xsens-Acceleration-Peaks
parameters=value_threshold=0.4,duration_threshold=0.5,item_count=5,direction=3
device=MTi-G-710

[processor1]
type=statistics
name=Xsens-1-Sec-Statistics
parameters=period=1.0
device=MTi-G-710

[processor2]
type=statistics
name=Xsens-10-Sec-Statistics
parameters=period=10
device=MTi-G-710
filter=hmsl,ro,pi,ya,vy,vz

[processor3]
type=statistics
name=Xsens-1-Min-Statistics
parameters=period=60
device=MTi-G-710
filter=hmsl,ro,pi,ya,vy,vz

[processor4]
type=statistics
name=Xsens-10-Min-Statistics
parameters=period=600
device=MTi-G-710
filter=hmsl,ro,pi,ya,vy,vz

[processor5]
type=fusion
name=Ublox-Fusion
parameters=period=0.1
device=NEO-M8U

